Display the background, still

Transcode the image into something apple ii can load.

full screen of data is stored in 127 bytes.

Need really a program to do this.

Create a program.


HEX 05 50 05 50 05 50 05 50 05 50 05 70 07 50 05 70
HEX 07 70 07 70 07 70 07 70 07 50 05 70 07 50 05 50
HEX 05 50 05 50 05 50 05 50 05 50 05 50 05 50 07 50
HEX 05 70 07 50 07 50 05 70 07 70 05 70 07 50 07 70
HEX 07 50 05 70 05 70 07 50 05 70 05 50 05 50 05 50
HEX 05 50 05 70 07 70 07 50 07 70 07 70 07 50 05 50
HEX 07 50 0F F0 0F F0 0D F0 05 50 05 70 07 70 07 70
HEX 05 70 07 70 07 50 05 50 05 50 07 70 07 70 07 70
HEX 07 70 07 70 07 50 05 80 08 80 08 80 08 80 08 80
HEX 08 D0 05 70 07 70 07 70 07 70 07 70 07 70 05 50
HEX 05 70 05 50 07 70 05 70 07 70 05 70 07 50 08 80
HEX 08 80 08 D0 0D D0 0D D0 08 D0 05 70 07 50 07 70
HEX 07 50 07 70 05 50 07 50 07 70 07 70 07 50 05 70
HEX 07 70 07 70 07 50 08 80 08 80 0D D0 0D D0 0D D0
HEX 00 50 05 70 07 70 07 70 07 50 05 70 07 70 07 70
HEX 07 70 07 70 07 70 05 70 07 70 07 70 07 50 05 80
HEX 0D D0 0D D0 0D D0 0D D0 00 50 05 70 07 70 07 70
HEX 07 50 07 70 07 70 07 70 07 50 07 70 07 70 07 50
HEX 05 70 07 50 07 50 05 70 0D D0 0D D0 0D D0 0D D0
HEX 00 50 05 70 05 70 07 50 05 70 07 70 07 70 05 70
HEX 07 70 07 70 07 70 07 70 05 50 07 50 07 50 05 70
HEX 00 D0 0D D0 0D D0 0D 00 07 50 05 70 05 70 05 50
HEX 07 70 07 70 07 70 07 70 07 50 07 70 05 70 07 50
HEX 07 70 05 70 07 50 00 F0 0D D0 0D D0 0D F0 00 70
HEX 07 50 05 70 07 50 07 70 05 70 07 50 07 70 05 70
HEX 07 50 07 70 05 70 07 50 07 70 05 20 02 00 00 F0
HEX 0F D0 0D D0 0D F0 0F 00 05 50 05 70 07 50 07 70
HEX 05 70 07 50 07 70 05 70 07 50 07 70 05 70 07 20
HEX 02 20 02 20 00 20 02 F0 0F F0 0F F0 0F F0 05 50
HEX 07 20 02 20 05 70 05 70 05 70 07 50 07 70 05 70
HEX 07 50 07 70 05 70 00 20 02 20 02 00 02 20 02 20
HEX 00 70 07 70 07 00 05 50 05 20 02 20 00 70 07 70
HEX 05 70 07 50 07 70 05 70 05 70 07 70 05 00 02 20
HEX 02 20 02 20 02 20 02 20 02 60 07 70 06 00 05 50
HEX 05 20 02 20 00 70 07 50 07 70 07 50 07 70 07 50
HEX 07 70 07 70 05 20 02 20 02 20 02 20 02 20 02 20
HEX 02 00 07 70 07 00 02 50 02 20 00 20 00 50 07 50
HEX 07 70 07 50 07 70 07 70 07 70 07 70 00 20 02 20
HEX 02 20 02 20 02 20 02 20 02 20 06 60 07 00 02 50
HEX 02 20 00 20 00 70 07 70 07 70 07 70 07 70 07 70
HEX 07 70 05 70 02 20 02 20 02 20 02 20 02 20 02 20
HEX 00 F0 0D D0 0D D0 02 50 02 20 00 20 02 70 07 70
HEX 07 50 07 70 07 50 07 70 07 50 07 00 02 20 02 20
HEX 02 20 02 20 02 20 02 20 00 D0 0D D0 0D 00 02 50
HEX 02 20 00 20 02 00 05 70 07 70 05 70 07 70 05 70
HEX 07 50 07 00 02 20 02 20 02 20 02 20 02 20 02 20
HEX 00 80 0D D0 06 00 02 50 02 20 02 20 02 20 02 70
HEX 07 70 0D D0 07 70 05 70 07 50 07 70 07 20 02 20
HEX 02 20 00 20 02 20 02 20 02 20 02 00 07 00 02 50
HEX 02 00 02 20 02 20 02 20 00 D0 0D D0 0D D0 0D 00
HEX 07 50 07 70 07 50 07 70 07 00 02 20 02 20 02 20
HEX 02 20 02 20 00 70 00 50 02 00 00 70 07 70 05 70
HEX 00 80 0D D0 0D D0 05 70 07 50 07 70 07 50 07 70
HEX 07 00 02 20 02 20 02 20 02 20 02 20 00 60 00 50
HEX 02 00 05 70 07 70 05 70 07 70 05 70 07 70 05 70
HEX 07 50 07 70 07 50 07 70 07 00 02 20 02 20 02 20
HEX 02 20 02 20 00 50 00 50 02 50 05 70 07 70 05 70
HEX 07 70 05 70 07 70 05 70 02 20 02 20 02 20 02 20
HEX 02 00 02 20 02 20 02 20 02 20 02 20 00 50 00 50
HEX 02 20 00 20 02 20 02 20 02 20 02 20 02 20 02 20